&ELECTRONS
  diagonalization = 'david'
  mixing_beta = 0.7
  electron_maxstep = 1000
  mixing_mode = 'plain'
  conv_thr = 1.0e-13
/
&CONTROL
  calculation = 'nscf'
  verbosity = 'high'
  pseudo_dir = '/exports/commonscratch/cbaubry/raman/mos2/pseudo/'
  tprnfor = .true.
  restart_mode = 'from_scratch'
  outdir = './'
  prefix = 'mos2'
  tstress = .true.
/
&SYSTEM
  ntyp = 2
  ecutwfc = 100
  ibrav = 4
  assume_isolated = '2D'
  nbnd = 17
  occupations = 'fixed'
  nat = 3
  celldm(1) = 6.0207596679
  celldm(3) = 7.2598686942
/
ATOMIC_SPECIES
  Mo   95.942  Mo.upf
  S    32.065  S.upf
ATOMIC_POSITIONS {crystal}
  Mo 0.3333333333  0.6666666667 0.0000000000
  S  0.6666666667  0.3333333333 0.0675804814
  S  0.6666666667  0.3333333333 -0.0675804814
K_POINTS crystal
225
  0.000000000000   0.000000000000   0.000000000000   4.44444444e-03
  0.000000000000   0.066666666667   0.000000000000   4.44444444e-03
  0.000000000000   0.133333333333   0.000000000000   4.44444444e-03
  0.000000000000   0.200000000000   0.000000000000   4.44444444e-03
  0.000000000000   0.266666666667   0.000000000000   4.44444444e-03
  0.000000000000   0.333333333333   0.000000000000   4.44444444e-03
  0.000000000000   0.400000000000   0.000000000000   4.44444444e-03
  0.000000000000   0.466666666667   0.000000000000   4.44444444e-03
  0.000000000000   0.533333333333   0.000000000000   4.44444444e-03
  0.000000000000   0.600000000000   0.000000000000   4.44444444e-03
  0.000000000000   0.666666666667   0.000000000000   4.44444444e-03
  0.000000000000   0.733333333333   0.000000000000   4.44444444e-03
  0.000000000000   0.800000000000   0.000000000000   4.44444444e-03
  0.000000000000   0.866666666667   0.000000000000   4.44444444e-03
  0.000000000000   0.933333333333   0.000000000000   4.44444444e-03
  0.066666666667   0.000000000000   0.000000000000   4.44444444e-03
  0.066666666667   0.066666666667   0.000000000000   4.44444444e-03
  0.066666666667   0.133333333333   0.000000000000   4.44444444e-03
  0.066666666667   0.200000000000   0.000000000000   4.44444444e-03
  0.066666666667   0.266666666667   0.000000000000   4.44444444e-03
  0.066666666667   0.333333333333   0.000000000000   4.44444444e-03
  0.066666666667   0.400000000000   0.000000000000   4.44444444e-03
  0.066666666667   0.466666666667   0.000000000000   4.44444444e-03
  0.066666666667   0.533333333333   0.000000000000   4.44444444e-03
  0.066666666667   0.600000000000   0.000000000000   4.44444444e-03
  0.066666666667   0.666666666667   0.000000000000   4.44444444e-03
  0.066666666667   0.733333333333   0.000000000000   4.44444444e-03
  0.066666666667   0.800000000000   0.000000000000   4.44444444e-03
  0.066666666667   0.866666666667   0.000000000000   4.44444444e-03
  0.066666666667   0.933333333333   0.000000000000   4.44444444e-03
  0.133333333333   0.000000000000   0.000000000000   4.44444444e-03
  0.133333333333   0.066666666667   0.000000000000   4.44444444e-03
  0.133333333333   0.133333333333   0.000000000000   4.44444444e-03
  0.133333333333   0.200000000000   0.000000000000   4.44444444e-03
  0.133333333333   0.266666666667   0.000000000000   4.44444444e-03
  0.133333333333   0.333333333333   0.000000000000   4.44444444e-03
  0.133333333333   0.400000000000   0.000000000000   4.44444444e-03
  0.133333333333   0.466666666667   0.000000000000   4.44444444e-03
  0.133333333333   0.533333333333   0.000000000000   4.44444444e-03
  0.133333333333   0.600000000000   0.000000000000   4.44444444e-03
  0.133333333333   0.666666666667   0.000000000000   4.44444444e-03
  0.133333333333   0.733333333333   0.000000000000   4.44444444e-03
  0.133333333333   0.800000000000   0.000000000000   4.44444444e-03
  0.133333333333   0.866666666667   0.000000000000   4.44444444e-03
  0.133333333333   0.933333333333   0.000000000000   4.44444444e-03
  0.200000000000   0.000000000000   0.000000000000   4.44444444e-03
  0.200000000000   0.066666666667   0.000000000000   4.44444444e-03
  0.200000000000   0.133333333333   0.000000000000   4.44444444e-03
  0.200000000000   0.200000000000   0.000000000000   4.44444444e-03
  0.200000000000   0.266666666667   0.000000000000   4.44444444e-03
  0.200000000000   0.333333333333   0.000000000000   4.44444444e-03
  0.200000000000   0.400000000000   0.000000000000   4.44444444e-03
  0.200000000000   0.466666666667   0.000000000000   4.44444444e-03
  0.200000000000   0.533333333333   0.000000000000   4.44444444e-03
  0.200000000000   0.600000000000   0.000000000000   4.44444444e-03
  0.200000000000   0.666666666667   0.000000000000   4.44444444e-03
  0.200000000000   0.733333333333   0.000000000000   4.44444444e-03
  0.200000000000   0.800000000000   0.000000000000   4.44444444e-03
  0.200000000000   0.866666666667   0.000000000000   4.44444444e-03
  0.200000000000   0.933333333333   0.000000000000   4.44444444e-03
  0.266666666667   0.000000000000   0.000000000000   4.44444444e-03
  0.266666666667   0.066666666667   0.000000000000   4.44444444e-03
  0.266666666667   0.133333333333   0.000000000000   4.44444444e-03
  0.266666666667   0.200000000000   0.000000000000   4.44444444e-03
  0.266666666667   0.266666666667   0.000000000000   4.44444444e-03
  0.266666666667   0.333333333333   0.000000000000   4.44444444e-03
  0.266666666667   0.400000000000   0.000000000000   4.44444444e-03
  0.266666666667   0.466666666667   0.000000000000   4.44444444e-03
  0.266666666667   0.533333333333   0.000000000000   4.44444444e-03
  0.266666666667   0.600000000000   0.000000000000   4.44444444e-03
  0.266666666667   0.666666666667   0.000000000000   4.44444444e-03
  0.266666666667   0.733333333333   0.000000000000   4.44444444e-03
  0.266666666667   0.800000000000   0.000000000000   4.44444444e-03
  0.266666666667   0.866666666667   0.000000000000   4.44444444e-03
  0.266666666667   0.933333333333   0.000000000000   4.44444444e-03
  0.333333333333   0.000000000000   0.000000000000   4.44444444e-03
  0.333333333333   0.066666666667   0.000000000000   4.44444444e-03
  0.333333333333   0.133333333333   0.000000000000   4.44444444e-03
  0.333333333333   0.200000000000   0.000000000000   4.44444444e-03
  0.333333333333   0.266666666667   0.000000000000   4.44444444e-03
  0.333333333333   0.333333333333   0.000000000000   4.44444444e-03
  0.333333333333   0.400000000000   0.000000000000   4.44444444e-03
  0.333333333333   0.466666666667   0.000000000000   4.44444444e-03
  0.333333333333   0.533333333333   0.000000000000   4.44444444e-03
  0.333333333333   0.600000000000   0.000000000000   4.44444444e-03
  0.333333333333   0.666666666667   0.000000000000   4.44444444e-03
  0.333333333333   0.733333333333   0.000000000000   4.44444444e-03
  0.333333333333   0.800000000000   0.000000000000   4.44444444e-03
  0.333333333333   0.866666666667   0.000000000000   4.44444444e-03
  0.333333333333   0.933333333333   0.000000000000   4.44444444e-03
  0.400000000000   0.000000000000   0.000000000000   4.44444444e-03
  0.400000000000   0.066666666667   0.000000000000   4.44444444e-03
  0.400000000000   0.133333333333   0.000000000000   4.44444444e-03
  0.400000000000   0.200000000000   0.000000000000   4.44444444e-03
  0.400000000000   0.266666666667   0.000000000000   4.44444444e-03
  0.400000000000   0.333333333333   0.000000000000   4.44444444e-03
  0.400000000000   0.400000000000   0.000000000000   4.44444444e-03
  0.400000000000   0.466666666667   0.000000000000   4.44444444e-03
  0.400000000000   0.533333333333   0.000000000000   4.44444444e-03
  0.400000000000   0.600000000000   0.000000000000   4.44444444e-03
  0.400000000000   0.666666666667   0.000000000000   4.44444444e-03
  0.400000000000   0.733333333333   0.000000000000   4.44444444e-03
  0.400000000000   0.800000000000   0.000000000000   4.44444444e-03
  0.400000000000   0.866666666667   0.000000000000   4.44444444e-03
  0.400000000000   0.933333333333   0.000000000000   4.44444444e-03
  0.466666666667   0.000000000000   0.000000000000   4.44444444e-03
  0.466666666667   0.066666666667   0.000000000000   4.44444444e-03
  0.466666666667   0.133333333333   0.000000000000   4.44444444e-03
  0.466666666667   0.200000000000   0.000000000000   4.44444444e-03
  0.466666666667   0.266666666667   0.000000000000   4.44444444e-03
  0.466666666667   0.333333333333   0.000000000000   4.44444444e-03
  0.466666666667   0.400000000000   0.000000000000   4.44444444e-03
  0.466666666667   0.466666666667   0.000000000000   4.44444444e-03
  0.466666666667   0.533333333333   0.000000000000   4.44444444e-03
  0.466666666667   0.600000000000   0.000000000000   4.44444444e-03
  0.466666666667   0.666666666667   0.000000000000   4.44444444e-03
  0.466666666667   0.733333333333   0.000000000000   4.44444444e-03
  0.466666666667   0.800000000000   0.000000000000   4.44444444e-03
  0.466666666667   0.866666666667   0.000000000000   4.44444444e-03
  0.466666666667   0.933333333333   0.000000000000   4.44444444e-03
  0.533333333333   0.000000000000   0.000000000000   4.44444444e-03
  0.533333333333   0.066666666667   0.000000000000   4.44444444e-03
  0.533333333333   0.133333333333   0.000000000000   4.44444444e-03
  0.533333333333   0.200000000000   0.000000000000   4.44444444e-03
  0.533333333333   0.266666666667   0.000000000000   4.44444444e-03
  0.533333333333   0.333333333333   0.000000000000   4.44444444e-03
  0.533333333333   0.400000000000   0.000000000000   4.44444444e-03
  0.533333333333   0.466666666667   0.000000000000   4.44444444e-03
  0.533333333333   0.533333333333   0.000000000000   4.44444444e-03
  0.533333333333   0.600000000000   0.000000000000   4.44444444e-03
  0.533333333333   0.666666666667   0.000000000000   4.44444444e-03
  0.533333333333   0.733333333333   0.000000000000   4.44444444e-03
  0.533333333333   0.800000000000   0.000000000000   4.44444444e-03
  0.533333333333   0.866666666667   0.000000000000   4.44444444e-03
  0.533333333333   0.933333333333   0.000000000000   4.44444444e-03
  0.600000000000   0.000000000000   0.000000000000   4.44444444e-03
  0.600000000000   0.066666666667   0.000000000000   4.44444444e-03
  0.600000000000   0.133333333333   0.000000000000   4.44444444e-03
  0.600000000000   0.200000000000   0.000000000000   4.44444444e-03
  0.600000000000   0.266666666667   0.000000000000   4.44444444e-03
  0.600000000000   0.333333333333   0.000000000000   4.44444444e-03
  0.600000000000   0.400000000000   0.000000000000   4.44444444e-03
  0.600000000000   0.466666666667   0.000000000000   4.44444444e-03
  0.600000000000   0.533333333333   0.000000000000   4.44444444e-03
  0.600000000000   0.600000000000   0.000000000000   4.44444444e-03
  0.600000000000   0.666666666667   0.000000000000   4.44444444e-03
  0.600000000000   0.733333333333   0.000000000000   4.44444444e-03
  0.600000000000   0.800000000000   0.000000000000   4.44444444e-03
  0.600000000000   0.866666666667   0.000000000000   4.44444444e-03
  0.600000000000   0.933333333333   0.000000000000   4.44444444e-03
  0.666666666667   0.000000000000   0.000000000000   4.44444444e-03
  0.666666666667   0.066666666667   0.000000000000   4.44444444e-03
  0.666666666667   0.133333333333   0.000000000000   4.44444444e-03
  0.666666666667   0.200000000000   0.000000000000   4.44444444e-03
  0.666666666667   0.266666666667   0.000000000000   4.44444444e-03
  0.666666666667   0.333333333333   0.000000000000   4.44444444e-03
  0.666666666667   0.400000000000   0.000000000000   4.44444444e-03
  0.666666666667   0.466666666667   0.000000000000   4.44444444e-03
  0.666666666667   0.533333333333   0.000000000000   4.44444444e-03
  0.666666666667   0.600000000000   0.000000000000   4.44444444e-03
  0.666666666667   0.666666666667   0.000000000000   4.44444444e-03
  0.666666666667   0.733333333333   0.000000000000   4.44444444e-03
  0.666666666667   0.800000000000   0.000000000000   4.44444444e-03
  0.666666666667   0.866666666667   0.000000000000   4.44444444e-03
  0.666666666667   0.933333333333   0.000000000000   4.44444444e-03
  0.733333333333   0.000000000000   0.000000000000   4.44444444e-03
  0.733333333333   0.066666666667   0.000000000000   4.44444444e-03
  0.733333333333   0.133333333333   0.000000000000   4.44444444e-03
  0.733333333333   0.200000000000   0.000000000000   4.44444444e-03
  0.733333333333   0.266666666667   0.000000000000   4.44444444e-03
  0.733333333333   0.333333333333   0.000000000000   4.44444444e-03
  0.733333333333   0.400000000000   0.000000000000   4.44444444e-03
  0.733333333333   0.466666666667   0.000000000000   4.44444444e-03
  0.733333333333   0.533333333333   0.000000000000   4.44444444e-03
  0.733333333333   0.600000000000   0.000000000000   4.44444444e-03
  0.733333333333   0.666666666667   0.000000000000   4.44444444e-03
  0.733333333333   0.733333333333   0.000000000000   4.44444444e-03
  0.733333333333   0.800000000000   0.000000000000   4.44444444e-03
  0.733333333333   0.866666666667   0.000000000000   4.44444444e-03
  0.733333333333   0.933333333333   0.000000000000   4.44444444e-03
  0.800000000000   0.000000000000   0.000000000000   4.44444444e-03
  0.800000000000   0.066666666667   0.000000000000   4.44444444e-03
  0.800000000000   0.133333333333   0.000000000000   4.44444444e-03
  0.800000000000   0.200000000000   0.000000000000   4.44444444e-03
  0.800000000000   0.266666666667   0.000000000000   4.44444444e-03
  0.800000000000   0.333333333333   0.000000000000   4.44444444e-03
  0.800000000000   0.400000000000   0.000000000000   4.44444444e-03
  0.800000000000   0.466666666667   0.000000000000   4.44444444e-03
  0.800000000000   0.533333333333   0.000000000000   4.44444444e-03
  0.800000000000   0.600000000000   0.000000000000   4.44444444e-03
  0.800000000000   0.666666666667   0.000000000000   4.44444444e-03
  0.800000000000   0.733333333333   0.000000000000   4.44444444e-03
  0.800000000000   0.800000000000   0.000000000000   4.44444444e-03
  0.800000000000   0.866666666667   0.000000000000   4.44444444e-03
  0.800000000000   0.933333333333   0.000000000000   4.44444444e-03
  0.866666666667   0.000000000000   0.000000000000   4.44444444e-03
  0.866666666667   0.066666666667   0.000000000000   4.44444444e-03
  0.866666666667   0.133333333333   0.000000000000   4.44444444e-03
  0.866666666667   0.200000000000   0.000000000000   4.44444444e-03
  0.866666666667   0.266666666667   0.000000000000   4.44444444e-03
  0.866666666667   0.333333333333   0.000000000000   4.44444444e-03
  0.866666666667   0.400000000000   0.000000000000   4.44444444e-03
  0.866666666667   0.466666666667   0.000000000000   4.44444444e-03
  0.866666666667   0.533333333333   0.000000000000   4.44444444e-03
  0.866666666667   0.600000000000   0.000000000000   4.44444444e-03
  0.866666666667   0.666666666667   0.000000000000   4.44444444e-03
  0.866666666667   0.733333333333   0.000000000000   4.44444444e-03
  0.866666666667   0.800000000000   0.000000000000   4.44444444e-03
  0.866666666667   0.866666666667   0.000000000000   4.44444444e-03
  0.866666666667   0.933333333333   0.000000000000   4.44444444e-03
  0.933333333333   0.000000000000   0.000000000000   4.44444444e-03
  0.933333333333   0.066666666667   0.000000000000   4.44444444e-03
  0.933333333333   0.133333333333   0.000000000000   4.44444444e-03
  0.933333333333   0.200000000000   0.000000000000   4.44444444e-03
  0.933333333333   0.266666666667   0.000000000000   4.44444444e-03
  0.933333333333   0.333333333333   0.000000000000   4.44444444e-03
  0.933333333333   0.400000000000   0.000000000000   4.44444444e-03
  0.933333333333   0.466666666667   0.000000000000   4.44444444e-03
  0.933333333333   0.533333333333   0.000000000000   4.44444444e-03
  0.933333333333   0.600000000000   0.000000000000   4.44444444e-03
  0.933333333333   0.666666666667   0.000000000000   4.44444444e-03
  0.933333333333   0.733333333333   0.000000000000   4.44444444e-03
  0.933333333333   0.800000000000   0.000000000000   4.44444444e-03
  0.933333333333   0.866666666667   0.000000000000   4.44444444e-03
  0.933333333333   0.933333333333   0.000000000000   4.44444444e-03
